1100001010100110101110011110111010111110100000101000001100000011
1000100110101110111111100110110100010010000111001010110001001000
0001000101101111110110110011101011010001100011110001111100000111
0001000001001000010011000010011001110111111110001001100111101011
1101111010101000001101100111010100000100001100110100010110000101
1100000000101010010101101011000001101001000110011110101010110000
1000110011010100000101010000101011011011001110110111011000010011
1101010100010110101101011110111111111011110110011110001011010011
0001100011101000011011100010011000000101101000011111001010011011
1101111100111100111110011100011010111100111000010110000101110000
0001000110110100000001110111001100101110001011111100011100000111
1101100001101101011100001111111110010100111100000000110001111111
1001111000100100101111001001111010101001110101011110010101100110
1100101011011110000110101011011001000001111001010111111011011100
1111011110110110100100110111110110000010100010000011110110001010
1111010001110100001100110000111111110100011110010010010111000110
1110101100000011100011011100001000110111010000111001010111101010
0011011010011000010011100101000010000011001101011001111010111100
0001111100111111010010111010101000110000110011101000001001111101
1110101111110110000111000010001101011011001010111000101000010000
0110111110101100110000001010010010101100111100011001000000111111
0000110000100101100111000011110110001101101000010101110000100110
1110010001111101101101101110100100001010000011000011010110100011
1011000011010101000100001110011100001000101110011110010011110011
1100010110111100000100100111010100101001011111010011110000100100
0110010110010001011101110101110100101100000011111111110101101100
1110000000110000011000010100110001011000000001111000111110100000
0101111100101010010010011110001111000111100110011110010001011011
1011111101000000011100011100101010110101110000100100111100011110
0011100111111011110100101001001001111111001010110011101100001100
0011000010111100000101010101000000110110000111010001011001001010
1110100110110011011111000110111101101001101000110110100010010010
0001001010011000110110111101011111111010111110111011010001100001
1001011010011110100110011100110001011001001110111101011110010110
1101110010001001110101010011010110111011110011111000000011100110
1111010011011010010110011110010110100110111100101110100001110101
0111101000100010100111001101001001111000001010000000001101000011
0010100110000111001111000101011100110010010101100001110001000001
1010010001101010110100100100111111010001001101110111101100011000
1010101101100101000101001011110101111010111011100100101101101001
0000100101100101111000111101110000001111011100001101101000011111
0110110001101111111001001101110010110010010100010011101011100011
0110101110110110000011010010011001101110011000011001010001000100
1001010111111100001111100000010010110001101100111011100100111011
1001101111111101011100111101101000100011100111110111000111011110
0110101001100111100110111001110111010010011100000100100011010100
1101100010110110010100101011110010011001000110110000111000101001
0111111001011101101011001111011110000110100100011000100011011000
1110000011101011000010010011111011001000011001100111111110100100
1001101000101001110101000100110101000101101110011100000011011111
1011100100101010010100110011111001100111110010101001101101101101
0101011000110110110100000111110011110111100011000011000110001100
0111110011001110100011000010010010110111110010000010011111001100
0001000001100110010010101001111000101000110001101101100101100010
1100101001101100010000110000000001100101101011110011011111011100
1100010101100101101010011001100011110000000100011010111011110010
1100111100011011101000001001110110000011100000111010010111010010
1010111000010111000010110011101101011100011100011100111010100011
0100001111011010100000011000101101111100011111110101111101101000
1111001110010100010100110001011101100110001001010110110111111111
1010100111000011111000110110000111000010000011111001001010011100
1001001000110010000010000000110100001101000011001110000011100111
1111100111000101110011111110010110010011111111101101110011010100
0100000110101011001111111110001011000111011100000101011001001010
0001011000011101000010000111101000111000000011011001000000000001
1110110001011010001111111100000000100110001011111011110001011000
1001000101110010101100000011110000110101110011100001000110101010
1110111010001010010000101100010000110111001101111011010001110000
1110111001111100101010100110100000000010111000000011000100111001
0110100001111110010111001010000101001110010001111000101001110011
0001101010111100010100000101010110100110101111110000010000011011
1001101110100101110101011000010001001011101111100001011011011101
0111010101110000010000011011111010011110010011011010000001101001
0011011000000101110000111001110100000001100010101101100011111010
1110111001000100111101100011101101001111101010000000000011001110
1101001011110100010011011110110011010011100111101001010110100111
0000101010010000101001001000010101101001111010110110010010111011
1110010000000011100101100010011111100100111011010000111011001110
0111010110101000010010100010000111100110010101000000001101111110
1000101010101111111110000001100011000000101010100100101001011101
0101010000011111101110011100101010011011011001101000110100111111
0100001010001010101111001000010110000011010111101100100110010011
1110110010100000010011011010100011111001110111000001001011111001
1010101010101100110110000011101010010010001011001111010000100001
0110000110101011100101101010110010011011111101100101001000011110
0010110000000000010000110100100011011110101000101110100001010101
1101001001100001111010110010111101000000011100001111101010010010
0000101101011100001101100111100001001100111101001100011101101101
1100000000110000011111110101101010000100111111000000001111100110
0000011100011101011100110010011111101001001100111111111100010110
1001111011111101111011011000010110110101000111011001000100111111
1110010110110000010001101110100111011101111111111101111111010101
1100001001100001101010110010010011101010000101010011011011100101
1100110000000000010111011011110001111000100011001111101011000110
1110011001001111001101011111010001010011111000000001000000101010
1011010001011101101011001101001010111011111100101111111100010001
1001011101010010100110101001110010010000110100101100000101111010
1010100000010000110010000101101101010101100110100100011110111110
0000000011101111011101100000110000010010111110000010011010000110
0011011100110111101011001010110011000000101010001010100011101110
0110110010111101100000011011010000000011101010111010110111000011
1001111111100000101001001001000010110011011011000100101111011100
1001110110001001011010010000011101000011100001010111110111010111
1101100011010110000111001011000000001010010101001100010101001100
0011000110001010000010111100111010111111100101010000110101011000
0100011001111001011010110100011110101001010010100110000101101101
1011000000111010100011001110100101011101110011000111011000010000
1000100011011011000110111010111111101101001111001101011001101111
1011001001100110011110100111100111100000111011101001100001101100
1001011010111001001000011000101010111111100000100110001100001001
0110001110101111010001100111110010001010100010010011111000011000
1110001001100000001010101000111101111111101111110110101010100100
0100101101101111101001001100101100111100010000010100100010100101
1000010011100100101110100011101100011010001011000000111111000110
1010000110111000101101101000010111011101000001100010101001100001
1011101011011110101111000100110001010111100001000000110000010001
0100000101100101101000100011001000110000110011001111000001001011
1010100001101000000011011000001010111010100000110100011001000011
0000101110000111101110110001100010011010001110101010110111100111
0010110001100001110111100101010101000111011011111110010001001001
0000001001110011010001011100011011000000101111000011001110111010
1010011110001001000111001011001100110000000001011100000111111100
0000000001000000110011010010000011100000100110111010100001000111
1000001110001110100000000100111011000010011101010111100101100000
1110000011001011000001111100011000111010110001110101110010101110
1011100001110011101001101001100001100110011000010010111000010010
1101111101001111000111110110110010111010111011001001001010111111
0100000010110111011011101001111000111100100001101101011101001110
0111001011010101100110011011100110011010000011101111010111010000
1001111111100000011001000001000001011011001001011110100000101000
1101100001011110011011101110100100111101000110001000111110100111
0000011101001001110110100010000000011001011110101111101000101111
0001010101110111000101100011111010101000110011111110001010100001
1101100111001100001100111010011010111110100001100000101000101100
0001001001010001000001010110100000111001010000111001101101111001
0101001010101001001101110100111111110001110010011101110010000000
0010011111101111100110001100010101100010010111100100001100111010
0111100101101011101001101001001011010011000010011101011011100111
0111101100000110011101011011011000000101101110111011111100010100
0110011111110100000101101110101000100100111010100010010111100110
0010110100001101010000101001111110111110100000011001110010111001
1010100110011101001100001100110000011111111110011010101100001101
1010010110001111110110011110011101000001110000000100011110001111
0101111110110110011011110000001010001111110011110100000101010010
1001100000000101001010010010001100101001100011000110110110100001
1010110011011110010010011001100011000100111111011000111100001101
1110000001010010010000010100111111011001111000101101000001110011
1000100101111111111100000011111100011101011100100101111011001000
0110011001000110101011111111001101110011011001001100011011101000
0001111001101110111011111100000111000101001111011010101010101101
0011010001010011110010101110100111010011110111001100111101111100
0010001010101011111010001010100000100110011111110000011011100110
0110011110101101011000100111100000001101011100100010000110101100
0100111000100001010100100100001001111011010011010111001110111110
0101101110001100001110000111010011011101001010111011001111000011
1111111100101000011111100011101111101010111110000001000001100010
0010110100000011101111000000011111011110001101001110010101001010
1001001011100111111001100000101111101000111000111110100010011101
0000010001100011101110000010100101100100011000010000000000001011
0101000111101110010111101100001100110001000101111111001110010010
0010010100110000111000010010001000111011001110111110011100011101
1011101011101010110001010111001001000010111000000100110011000101
1100010110000011001110101100001010111000010100110101001101011011
0110010111011010000011001010111100101110111110100100001000011011
1010100001100100110001011011001110100010111110111011010001101000
1110000011011000001000101111111100001001111010110001111001010100
0001011011110001000110001110111011000000000100001010111011010101
1001000011101001010101011011110111101111010101111100010101100111
0011001111100000111011110010111101110110100110101100100111101001
1010110110010001110011000011011111100011011010000101100110100011
1000100010000000011010010001000010101001101011000011000000100110
0101011101011111100001101000100011000010111011111101111111001110
0100101100010101110100010001101000100010000011011000101110000110
1001111110000100101010000011000100101001010111111100100110101110
0001001000011101101011010011000011101000010001001001001110100000
0011101110101100001100110001011110001010100000011010111000001011
1011111100110111001011111000111011110110101100001000010011010000
1010010111000111111101110011011001001010011010000010100001000011
1100110100010010110111101111000010011110010101110101011110110111
1000011101100110111011000010100111110001010011010001110000110110
0000011001010110001100101010100110011011000110001110011111101001
1001101110010010000111100101011001010001011110100001011101111100
1100010110010001110010011001000010100000111001001011001101011001
1110010001000100011000000010101101100001101010000111001101010011
1111101110101011110011010101000111011001100101110010010000011101
1110010100011011110101000111000110111100000110111110100111010001
1010001111111000001010101101000001111000001010100111011100001011
1011011001000110011001011000001010110111011011000100001010100001
1010101001110101110011110100100101011111100100111111110111100111
0111111000010101110111011000100111110011101100110001000011101111
1000000101010000101001001100000010101101010110110101111001010101
1010000101110101101010110011000010001001111011110110101110100010
0011101110100110010100110001011001100001001110001010110111000100
1110100110101011001101010000001101001010100110010100110000110100
0100010100000010110010100100010010001010010000111010010101000010
1000001000100111101001111101001000111011001110101001000010110101
0000110010010101011001000010110110110100011111001001101100000101
0100010101101110111011110110111100010010001000111010111111011110
0111110110111111010100101100111001000100000100010010111100110010
0111010110100110000011001011011000000101110101001101110101100110