1100001010100110101110011110111010111110100000101000001100000011
1000100110101110111111100110110100010010000111001010110001001000
0001000101101111110110110011101011010001100011110001111100000111
0001000001001000010011000010011001110111111110001001100111101011
1101111010101000001101100111010100000100001100110100010110000101
1100000000101010010101101011000001101001000110011110101010110000
1000110011010100000101010000101011011011001110110111011000010011
1101010100010110101101011110111111111011110110011110001011010011
0001100011101000011011100010011000000101101000011111001010011011
1101111100111100111110011100011010111100111000010110000101110000
0001000110110100000001110111001100101110001011111100011100000111
1101100001101101011100001111111110010100111100000000110001111111
1001111000100100101111001001111010101001110101011110010101100110
1100101011011110000110101011011001000001111001010111111011011100
1111011110110110100100110111110110000010100010000011110110001010
1111010001110100001100110000111111110100011110010010010111000110
1110101100000011100011011100001000110111010000111001010111101010
0011011010011000010011100101000010000011001101011001111010111100
0001111100111111010010111010101000110000110011101000001001111101
1110101111110110000111000010001101011011001010111000101000010000
0110111110101100110000001010010010101100111100011001000000111111
0000110000100101100111000011110110001101101000010101110000100110
1110010001111101101101101110100100001010000011000011010110100011
1011000011010101000100001110011100001000101110011110010011110011
1100010110111100000100100111010100101001011111010011110000100100
0110010110010001011101110101110100101100000011111111110101101100
1110000000110000011000010100110001011000000001111000111110100000
0101111100101010010010011110001111000111100110011110010001011011
1011111101000000011100011100101010110101110000100100111100011110
0011100111111011110100101001001001111111001010110011101100001100
0011000010111100000101010101000000110110000111010001011001001010
1110100110110011011111000110111101101001101000110110100010010010
0001001010011000110110111101011111111010111110111011010001100001
1001011010011110100110011100110001011001001110111101011110010110
1101110010001001110101010011010110111011110011111000000011100110
1111010011011010010110011110010110100110111100101110100001110101
0111101000100010100111001101001001111000001010000000001101000011
0010100110000111001111000101011100110010010101100001110001000001
1010010001101010110100100100111111010001001101110111101100011000
1010101101100101000101001011110101111010111011100100101101101001
0000100101100101111000111101110000001111011100001101101000011111
0110110001101111111001001101110010110010010100010011101011100011
0110101110110110000011010010011001101110011000011001010001000100
1001010111111100001111100000010010110001101100111011100100111011
1001101111111101011100111101101000100011100111110111000111011110
0110101001100111100110111001110111010010011100000100100011010100
1101100010110110010100101011110010011001000110110000111000101001
0111111001011101101011001111011110000110100100011000100011011000
1110000011101011000010010011111011001000011001100111111110100100
1001101000101001110101000100110101000101101110011100000011011111
1011100100101010010100110011111001100111110010101001101101101101
0101011000110110110100000111110011110111100011000011000110001100
0111110011001110100011000010010010110111110010000010011111001100
0001000001100110010010101001111000101000110001101101100101100010
1100101001101100010000110000000001100101101011110011011111011100
1100010101100101101010011001100011110000000100011010111011110010
1100111100011011101000001001110110000011100000111010010111010010
1010111000010111000010110011101101011100011100011100111010100011
0100001111011010100000011000101101111100011111110101111101101000
1111001110010100010100110001011101100110001001010110110111111111
1010100111000011111000110110000111000010000011111001001010011100
1001001000110010000010000000110100001101000011001110000011100111
1111100111000101110011111110010110010011111111101101110011010100
0100000110101011001111111110001011000111011100000101011001001010
0001011000011101000010000111101000111000000011011001000000000001
1110110001011010001111111100000000100110001011111011110001011000
1001000101110010101100000011110000110101110011100001000110101010
1110111010001010010000101100010000110111001101111011010001110000
1110111001111100101010100110100000000010111000000011000100111001
0110100001111110010111001010000101001110010001111000101001110011
0001101010111100010100000101010110100110101111110000010000011011
1001101110100101110101011000010001001011101111100001011011011101
0111010101110000010000011011111010011110010011011010000001101001
0011011000000101110000111001110100000001100010101101100011111010
1110111001000100111101100011101101001111101010000000000011001110
1101001011110100010011011110110011010011100111101001010110100111
0000101010010000101001001000010101101001111010110110010010111011
1110010000000011100101100010011111100100111011010000111011001110
0111010110101000010010100010000111100110010101000000001101111110
1000101010101111111110000001100011000000101010100100101001011101
0101010000011111101110011100101010011011011001101000110100111111
0100001010001010101111001000010110000011010111101100100110010011
1110110010100000010011011010100011111001110111000001001011111001
1010101010101100110110000011101010010010001011001111010000100001
0110000110101011100101101010110010011011111101100101001000011110
0010110000000000010000110100100011011110101000101110100001010101
1101001001100001111010110010111101000000011100001111101010010010
0000101101011100001101100111100001001100111101001100011101101101
1100000000110000011111110101101010000100111111000000001111100110
0000011100011101011100110010011111101001001100111111111100010110
1001111011111101111011011000010110110101000111011001000100111111
1110010110110000010001101110100111011101111111111101111111010101
1100001001100001101010110010010011101010000101010011011011100101
1100110000000000010111011011110001111000100011001111101011000110
1110011001001111001101011111010001010011111000000001000000101010
1011010001011101101011001101001010111011111100101111111100010001
1001011101010010100110101001110010010000110100101100000101111010
1010100000010000110010000101101101010101100110100100011110111110
0000000011101111011101100000110000010010111110000010011010000110
0011011100110111101011001010110011000000101010001010100011101110
0110110010111101100000011011010000000011101010111010110111000011
1001111111100000101001001001000010110011011011000100101111011100
1001110110001001011010010000011101000011100001010111110111010111
1101100011010110000111001011000000001010010101001100010101001100
0011000110001010000010111100111010111111100101010000110101011000
0100011001111001011010110100011110101001010010100110000101101101
1011000000111010100011001110100101011101110011000111011000010000
1000100011011011000110111010111111101101001111001101011001101111
1011001001100110011110100111100111100000111011101001100001101100
1001011010111001001000011000101010111111100000100110001100001001
0110001110101111010001100111110010001010100010010011111000011000
1110001001100000001010101000111101111111101111110110101010100100
0100101101101111101001001100101100111100010000010100100010100101
1000010011100100101110100011101100011010001011000000111111000110
1010000110111000101101101000010111011101000001100010101001100001
1011101011011110101111000100110001010111100001000000110000010001
0100000101100101101000100011001000110000110011001111000001001011
1010100001101000000011011000001010111010100000110100011001000011
0000101110000111101110110001100010011010001110101010110111100111
0010110001100001110111100101010101000111011011111110010001001001
0000001001110011010001011100011011000000101111000011001110111010
1010011110001001000111001011001100110000000001011100000111111100
0000000001000000110011010010000011100000100110111010100001000111
1000001110001110100000000100111011000010011101010111100101100000
1110000011001011000001111100011000111010110001110101110010101110
1011100001110011101001101001100001100110011000010010111000010010
1101111101001111000111110110110010111010111011001001001010111111
0100000010110111011011101001111000111100100001101101011101001110
0111001011010101100110011011100110011010000011101111010111010000
1001111111100000011001000001000001011011001001011110100000101000
1101100001011110011011101110100100111101000110001000111110100111
0000011101001001110110100010000000011001011110101111101000101111
0001010101110111000101100011111010101000110011111110001010100001
1101100111001100001100111010011010111110100001100000101000101100
0001001001010001000001010110100000111001010000111001101101111001
0101001010101001001101110100111111110001110010011101110010000000
0010011111101111100110001100010101100010010111100100001100111010
0111100101101011101001101001001011010011000010011101011011100111
0111101100000110011101011011011000000101101110111011111100010100
0110011111110100000101101110101000100100111010100010010111100110
0010110100001101010000101001111110111110100000011001110010111001
1010100110011101001100001100110000011111111110011010101100001101
1010010110001111110110011110011101000001110000000100011110001111
0101111110110110011011110000001010001111110011110100000101010010
1001100000000101001010010010001100101001100011000110110110100001
1010110011011110010010011001100011000100111111011000111100001101
1110000001010010010000010100111111011001111000101101000001110011
1000100101111111111100000011111100011101011100100101111011001000
0110011001000110101011111111001101110011011001001100011011101000
0001111001101110111011111100000111000101001111011010101010101101
0011010001010011110010101110100111010011110111001100111101111100
0010001010101011111010001010100000100110011111110000011011100110
0110011110101101011000100111100000001101011100100010000110101100
0100111000100001010100100100001001111011010011010111001110111110
0101101110001100001110000111010011011101001010111011001111000011
1111111100101000011111100011101111101010111110000001000001100010
0010110100000011101111000000011111011110001101001110010101001010
1001001011100111111001100000101111101000111000111110100010011101
0000010001100011101110000010100101100100011000010000000000001011
0101000111101110010111101100001100110001000101111111001110010010
0010010100110000111000010010001000111011001110111110011100011101
1011101011101010110001010111001001000010111000000100110011000101
1100010110000011001110101100001010111000010100110101001101011011
0110010111011010000011001010111100101110111110100100001000011011
1010100001100100110001011011001110100010111110111011010001101000
1110000011011000001000101111111100001001111010110001111001010100
0001011011110001000110001110111011000000000100001010111011010101
1001000011101001010101011011110111101111010101111100010101100111
0011001111100000111011110010111101110110100110101100100111101001
1010110110010001110011000011011111100011011010000101100110100011
1000100010000000011010010001000010101001101011000011000000100110
0101011101011111100001101000100011000010111011111101111111001110
0100101100010101110100010001101000100010000011011000101110000110
1001111110000100101010000011000100101001010111111100100110101110
0001001000011101101011010011000011101000010001001001001110100000
0011101110101100001100110001011110001010100000011010111000001011
1011111100110111001011111000111011110110101100001000010011010000
1010010111000111111101110011011001001010011010000010100001000011
1100110100010010110111101111000010011110010101110101011110110111
1000011101100110111011000010100111110001010011010001110000110110
0000011001010110001100101010100110011011000110001110011111101001
1001101110010010000111100101011001010001011110100001011101111100
1100010110010001110010011001000010100000111001001011001101011001
1110010001000100011000000010101101100001101010000111001101010011
1111101110101011110011010101000111011001100101110010010000011101
1110010100011011110101000111000110111100000110111110100111010001
1010001111111000001010101101000001111000001010100111011100001011
1011011001000110011001011000001010110111011011000100001010100001
1010101001110101110011110100100101011111100100111111110111100111
0111111000010101110111011000100111110011101100110001000011101111
1000000101010000101001001100000010101101010110110101111001010101
1010000101110101101010110011000010001001111011110110101110100010
0011101110100110010100110001011001100001001110001010110111000100
1110100110101011001101010000001101001010100110010100110000110100
0100010100000010110010100100010010001010010000111010010101000010
1000001000100111101001111101001000111011001110101001000010110101
0000110010010101011001000010110110110100011111001001101100000101
0100010101101110111011110110111100010010001000111010111111011110
0111110110111111010100101100111001000100000100010010111100110010
0111010110100110000011001011011000000101110101001101110101100110
0110101110010010110001001001111010010011001010110101101001010100
0000101110101010000100001101000000100110101101001010111101001001
1001100000011011001100100001100001111101111110101011110011100111
0110101101000010010001100001010101000111111100000110010110101111
1101001111111110011010110000010110010001011111111110101011100000
0001101101011000000110111101110010110011110110101001111111101100
1010000110001000110010010011011010010110010100010011011001110000
1001001111001100010001101110000011101101111001010101110000011110
1000111101111110011001001110101001110011101001110001010011000100
1010010110101010001110000011011010111011101100011000110000111100
0000100001110111101111001000110101001100011000100011011111000001
1101100111111100001110101011001001101011000101100111001101000011
1100110001001001100000000000100000010000001100111100001100000000
1100011010110100010111001110111101101011110000000010101000001111
0011101001011100001000111000111110001011111011001111100100111010
1111111111000000101010100100100010011010111001000010010100001110
1111011111110100110111111110101100001110111110101001111011011001
0101111110111010000111001000100000000010010010001101011010101010
0111011000000011100001110110001000100001110000110011000111111101
1010011110010001101001100110011001110010100111100100111100110001
1101101000010010011011111101000100111011110100011010110000111110
0111100001100101101000010111011011100100001101110111000111001000
1001110010111110101011011111111110000001101111011001100010001011
1100101100101010111001110011000000010000101101100011000011101110
0101001110111011011111011011000101010110100101011101001011001000
1100110110110000101011010001100011110011011001010010101001100001
1011110010010111001001100011001111111010010100001111100011000011
0100111010010110111111111010000011101111001000001001100110000101
0011111111111000011001011111010001000001001000000101010010000010
1011111011001011110011010101000001010000110101110101100010111111
0011011011100001011101101010010010110011000100110001010011110010
0011100100011001101110100110010110000001100100001100111110111100
1111010110111101010101010101011110111000101111110001100001101110
1010000111001011010110011101101101110100011111000101111000000101
1101111110101000100100001001000101101000100101001110000100010111
1011010000111100111101000010010100000000100111110100110101111000
0110001111100011100111000011000110001011000000101111110101100001
1001001001110101101100111001111001011010001110111011001110100010
0011010000110111101000101011000001010110001100011101011110110001
0111010000110010000010000010000110010010011010110101110100001000
1101010110000110011110101110000111110010001111100110101100001010
0110010000000010000100000100100010110101001111010111010101010100
0100100100110010110100001010001100111001010111010001010110111011
0011100110110011000010111110100010000000101111010000010011110111
0111111101111010100110101111010101001001101100101111111111010001
0001000100011011110100000100000000100100111101111101011111010111
0101011001100100110110101111101000010001011010011000101010001100
1011100111111000001001010100111011101101000010001111111110001001
1000111101011110111001010001100010001100101101101101111101010000
0000010010101000000101011100000110001111010101100100000011100110
0111110011000100001100100110010111010010010110101101010111100101
0001100100100011101100100001001011001000011011100000001010010111
1010111100011110010101000100100001101010110001001111110010000011
1001111001010000010110000000110110101100000110001110000010111001
0011010001001000100010000011010111111000110000111000100111110100
1001000011011001111011001001001101010101110100100010100001000000
0010100000100000010011100101001110100000011101100010101110100010
0100001100011101000010100101001101010010100001111010101111010101
0001100000100100100010011111110000101110000001011011100101000011
0110101011111110011000110000000111110000100000001000000010110010
0011001000001011011010010010100001110000111011110111011111100001
0111010110100100000111110111101000101111100000111100100010100110
0100000110101001110010010010110101011100000001001010101010001001
0000000011000110100101011111101101100011100111010011110110011101
0011111000110001101110011001101000101011001100110110001110010110
1000111100101010101111010000001111110010001101100100011101001111
0100000110110101101001111000001111001100011111111000000100001111
1010100110010010000010011100001010000001001000010110101011011000
1011010010110111100000110111000101100101000011101110000111111100
1110110100101000000010010011110101000111000010111000011011011110
0101001100111100100101000001101010110000000111010100111011100110
0010010001001010111011101110001011110111001110010011100101011111
1101001001110101100110001000101001000011001111100010001100100011
0011010011100111111001111000100111101111111100011001100010011011
0100001111000110001111111010010001101001000010100100000101010101
1110000100010000011101110001111001110100100101010001100110110111
1100010111000010010010100010101100111110110001111111000110110110
1100110010000111000000101011111000111011100001111100111010001110
1000011000110011100101010111011001100111111100101110001011101100
1101000011000110000000100010011101100110110001010101110001000110
1001000000010010100000101001001010101011000100001101101000010111
0000100110001011001111010101011100001000110110110111010010011011
0101110000011110111101101010011010000101010110000001010101011011
1001000001000010000001101010011100000000101000000010001000111101
1100011110101010101100100100001111101111010000111000110011100000
1101101010111001001011010110100011100100111101110101011111000010
0111110110011111100111001110011100010001111010100000001111011110
0011110011000000101111010111101011110110100010100001111100100100
1111001011000001000000011011000000010011001110011100101001111010
0100110110110111010110100011010011001101001011111100001101011000
1001000110001100000110011010110011011100111110110010100010100100
0011100111001011101101101001100001001111000011011011000111100100
1100111101100010100000100001000101110011001000000011111011100110
0111101001010111010001110000001101110001110110110011011010101101
1110100011100101101111001011011100000101110001000100011011110001
0011110100111000010000100010011001110000100100111011100100110111
1011001111001100110011010111110001100111111010111101010101100001
1100011011000010111000011000010100100101010001011001011110100111
1000101101000001000010110101101011011101001100110011111000001001
0111001010101101111010100100000001001001110110011111100010011011
0011110000000011000110111010100111010101111110101000100010011001
0001011000101101110100001110011011000111101010110111010001111110
0010001101000100110000101011111011110001000111110011100010110000
1111010101001111111011010111110000101100111001110111100011000001
0101111010001100000111101011001101111001000110011100100111010000
0100101101001110101000000110011010000111001010100111001000011000
0111000110100101101101100011010110010010011010110000011010011010
0000011011100011010111110010001010110110000011011110011001010011
1000101010110101101010011011001100111011101010001111110000010100
0001000111001110011100001111011110000110011010101001000111011100
1110011100000010110001010000001000011001000110000111110100010001
1000000101100000100010101010111110001111001101010001110001000101
0110111110000010010100111111001000101101001111101010000011100100
0111000111011101010000000100001000110111101110101001111101100010
0000010110100101010111111110011011000011000110100110010010111101
1110001010101101001011001110000010110110111100100100111011101010
1110111011101001001111101101111110100100000011100010111111011100
0110001011000111010100001011100110000111110000111000010100001001
0111010011011000111001011010100000011001111010111001010011011010
1101011100101010010001111001011101011110000001011010110110010001
0100100111101010001110010110100000101110001110111000110110011100
0000111111010010000101100101110110110010100001110001110010010111
1010010011000100110011101101000001111101100101110111000000101101
0001001100000011010001101100111010011011110001000000011000010100
0101110111100000111010100110010101110011111010100011100010110100
1000101011000011001110111111000011000001100110100001111010001101
1001011111010101111010011010010110101011011110010111000011100110
1000101101100101010101000110001010000100001111010101001101011100
0000010111100010001000100110100011110101111100000010001111110010
0101011111110110100101001000010111100100010010111010001101001100
1010000111011101011101000111101111011001110110101000001100111111
1101001111001010110010000011010011111010011010111110000101000101
1010101000100100101110110000000001001011001110111000101011111110
0111100101011011100101000100010110010111100110010110110101100001
0110011000100101000101001011111111110101100000110110000001010100
1110010011101100001010111000100110111101001101010011010011101001
1011001011011100111000000011101100100110000001111101111010000111
1011000101110001110001110001101000111011010000000110111010111010
1111101100100111000001111101111101110010011000110110111000101000
1001111101100101000010101011100111110110000110101100000000111111
1110101001110000110110000011111010010100100110110101011110001100
1001100101101000111010000110100010101011011101001000111100011111
1001001101101100011010001100010011000001011000101000010011011111
1101000111100001000111111011111101011111011000100010100101110101
0011111101001101011010001010111101111000100001010001000011001110
0100001001111010100101000100011110111000110111001110011100111000
0010100110111100010110101101111111011011011011110101110111111000
1011011000010111000011001110000110110110100010001010011010101011
1111010101111110101000100101011001110011110001110111010010000001
0100110001010000111101001101001111100010111000111111101100011010
1111100000111111001001111110000010100111001100000110100100111000
1110110010110000010011110101001000001111010000100011100000111111
1010110001111001010100010110111001100100110101101001100010000111
1100001110010011100111101110000011011000111111111101100001001110
0101000101111101010011100100010100000111000111111011010100100110
0011101010101010001111010010111111001001011011000000100011101100
1001011111110000011100010100110001100111111010001011000100001101
0110000001101001110000111111011011001110110001011100111101000001
0000101010101110000010111101111010111100010110001010001001000111
0000110010110000001011100001101001000000111100011100101011110000
1100100100100110010101100010000110011101001111011000110011100110
1000101100010010010010010010000110011110110110100010100001011001
0000010001000000100011111100001000010100001000111000001001000110
0101010100001000001001001100101100011010110100000011001010001010
1010110000100111000111100111001000011110011000100101001011101000
0001001010001000111100111000000000111011101011001010010001001111
0111011010010111110010111000111101101100001110000010010110011010
1001011100011101010010001010100001101000011101100110001100010010
1000001111000111100001011101001110010001111001101000110011000101
0010010111100100111000010111001110011011001001101100000111000101
1011011100101100001000000001101011100001001100100111111011001001
0101101101011110100100110110000010001010000100110010000011000111
0001110100110101111010001000111010001110011001010111100000011011
0101111010111011110011101110110111101100101000000110000000110111
1101100111010101110011101010000001101100010101010101110101100100
0011001001100101110100001001010001100111000111111100010010010100
0001000001110110101001011001000001110000011001111100001110011101
0000010011010011000000000011010001001111011001011010010111100000
0010110001100100011010011011001001101100101000111100111101110011
0100010000101100001100001110110101000011101000001011010011100011
1101111001001010101101010111111000000100010100111111110101010000
1010101000010100111010011010001001111110011011011010010001001111
0000010110001010100110001010011000010000010001110011100110100101
1101110110100011110001000001101100110110000010010111000101100000
0111110000100001000100011001111001101001111111011010100110101011
1101101110010100011111011010000000011001100001011010110100111000
0000111111000000101010011111110100000111100100011011111110100110
0101010101011101101000000111010011111111001011100000111001010000
0000000010110011111101101010001000010000010110111111101011011010
0111001110101100110011101110001011001110001100010100001010011011
1110000111101011100100001011100010111011011100001001001101101101
1101110101000110100100101011101011111010110010010111100100001100
0101110000111010010000111100011100111010000110110111010101111010
1110110010101010110101101100101000010011010011010010110101110100
0100110011010111001010110000010011010100100111011110000100011000
0011001001100100011111111110000100000111010011101110010110001111
1000001100101100000011000010010101000100100101001001110101100101
0001101101100101010100001111000111101001100101111101001010101000
1000010000100001101110000001010000111011100111000011100000001101
1000011100111001011010011100101001110000110010010000100100011001