1100001010100110101110011110111010111110100000101000001100000011
1000100110101110111111100110110100010010000111001010110001001000
0001000101101111110110110011101011010001100011110001111100000111
0001000001001000010011000010011001110111111110001001100111101011
1101111010101000001101100111010100000100001100110100010110000101
1100000000101010010101101011000001101001000110011110101010110000
1000110011010100000101010000101011011011001110110111011000010011
1101010100010110101101011110111111111011110110011110001011010011
0001100011101000011011100010011000000101101000011111001010011011
1101111100111100111110011100011010111100111000010110000101110000
0001000110110100000001110111001100101110001011111100011100000111
1101100001101101011100001111111110010100111100000000110001111111
1001111000100100101111001001111010101001110101011110010101100110
1100101011011110000110101011011001000001111001010111111011011100
1111011110110110100100110111110110000010100010000011110110001010
1111010001110100001100110000111111110100011110010010010111000110
1110101100000011100011011100001000110111010000111001010111101010
0011011010011000010011100101000010000011001101011001111010111100
0001111100111111010010111010101000110000110011101000001001111101
1110101111110110000111000010001101011011001010111000101000010000
0110111110101100110000001010010010101100111100011001000000111111
0000110000100101100111000011110110001101101000010101110000100110
1110010001111101101101101110100100001010000011000011010110100011
1011000011010101000100001110011100001000101110011110010011110011
1100010110111100000100100111010100101001011111010011110000100100
0110010110010001011101110101110100101100000011111111110101101100
1110000000110000011000010100110001011000000001111000111110100000
0101111100101010010010011110001111000111100110011110010001011011
1011111101000000011100011100101010110101110000100100111100011110
0011100111111011110100101001001001111111001010110011101100001100
0011000010111100000101010101000000110110000111010001011001001010
1110100110110011011111000110111101101001101000110110100010010010
0001001010011000110110111101011111111010111110111011010001100001
1001011010011110100110011100110001011001001110111101011110010110
1101110010001001110101010011010110111011110011111000000011100110
1111010011011010010110011110010110100110111100101110100001110101
0111101000100010100111001101001001111000001010000000001101000011
0010100110000111001111000101011100110010010101100001110001000001
1010010001101010110100100100111111010001001101110111101100011000
1010101101100101000101001011110101111010111011100100101101101001
0000100101100101111000111101110000001111011100001101101000011111
0110110001101111111001001101110010110010010100010011101011100011
0110101110110110000011010010011001101110011000011001010001000100
1001010111111100001111100000010010110001101100111011100100111011
1001101111111101011100111101101000100011100111110111000111011110
0110101001100111100110111001110111010010011100000100100011010100
1101100010110110010100101011110010011001000110110000111000101001
0111111001011101101011001111011110000110100100011000100011011000
1110000011101011000010010011111011001000011001100111111110100100
1001101000101001110101000100110101000101101110011100000011011111
1011100100101010010100110011111001100111110010101001101101101101
0101011000110110110100000111110011110111100011000011000110001100
0111110011001110100011000010010010110111110010000010011111001100
0001000001100110010010101001111000101000110001101101100101100010
1100101001101100010000110000000001100101101011110011011111011100
1100010101100101101010011001100011110000000100011010111011110010
1100111100011011101000001001110110000011100000111010010111010010
1010111000010111000010110011101101011100011100011100111010100011
0100001111011010100000011000101101111100011111110101111101101000
1111001110010100010100110001011101100110001001010110110111111111
1010100111000011111000110110000111000010000011111001001010011100
1001001000110010000010000000110100001101000011001110000011100111
1111100111000101110011111110010110010011111111101101110011010100
0100000110101011001111111110001011000111011100000101011001001010
0001011000011101000010000111101000111000000011011001000000000001
1110110001011010001111111100000000100110001011111011110001011000
1001000101110010101100000011110000110101110011100001000110101010
1110111010001010010000101100010000110111001101111011010001110000
1110111001111100101010100110100000000010111000000011000100111001
0110100001111110010111001010000101001110010001111000101001110011
0001101010111100010100000101010110100110101111110000010000011011
1001101110100101110101011000010001001011101111100001011011011101
0111010101110000010000011011111010011110010011011010000001101001
0011011000000101110000111001110100000001100010101101100011111010
1110111001000100111101100011101101001111101010000000000011001110
1101001011110100010011011110110011010011100111101001010110100111
0000101010010000101001001000010101101001111010110110010010111011
1110010000000011100101100010011111100100111011010000111011001110
0111010110101000010010100010000111100110010101000000001101111110
1000101010101111111110000001100011000000101010100100101001011101
0101010000011111101110011100101010011011011001101000110100111111
0100001010001010101111001000010110000011010111101100100110010011
1110110010100000010011011010100011111001110111000001001011111001
1010101010101100110110000011101010010010001011001111010000100001
0110000110101011100101101010110010011011111101100101001000011110
0010110000000000010000110100100011011110101000101110100001010101
1101001001100001111010110010111101000000011100001111101010010010
0000101101011100001101100111100001001100111101001100011101101101
1100000000110000011111110101101010000100111111000000001111100110
0000011100011101011100110010011111101001001100111111111100010110
1001111011111101111011011000010110110101000111011001000100111111
1110010110110000010001101110100111011101111111111101111111010101
1100001001100001101010110010010011101010000101010011011011100101
1100110000000000010111011011110001111000100011001111101011000110
1110011001001111001101011111010001010011111000000001000000101010
1011010001011101101011001101001010111011111100101111111100010001
1001011101010010100110101001110010010000110100101100000101111010
1010100000010000110010000101101101010101100110100100011110111110
0000000011101111011101100000110000010010111110000010011010000110
0011011100110111101011001010110011000000101010001010100011101110
0110110010111101100000011011010000000011101010111010110111000011
1001111111100000101001001001000010110011011011000100101111011100
1001110110001001011010010000011101000011100001010111110111010111
1101100011010110000111001011000000001010010101001100010101001100
0011000110001010000010111100111010111111100101010000110101011000
0100011001111001011010110100011110101001010010100110000101101101
1011000000111010100011001110100101011101110011000111011000010000
1000100011011011000110111010111111101101001111001101011001101111
1011001001100110011110100111100111100000111011101001100001101100
1001011010111001001000011000101010111111100000100110001100001001
0110001110101111010001100111110010001010100010010011111000011000
1110001001100000001010101000111101111111101111110110101010100100
0100101101101111101001001100101100111100010000010100100010100101
1000010011100100101110100011101100011010001011000000111111000110
1010000110111000101101101000010111011101000001100010101001100001
1011101011011110101111000100110001010111100001000000110000010001
0100000101100101101000100011001000110000110011001111000001001011
1010100001101000000011011000001010111010100000110100011001000011
0000101110000111101110110001100010011010001110101010110111100111
0010110001100001110111100101010101000111011011111110010001001001
0000001001110011010001011100011011000000101111000011001110111010
1010011110001001000111001011001100110000000001011100000111111100
0000000001000000110011010010000011100000100110111010100001000111
1000001110001110100000000100111011000010011101010111100101100000
1110000011001011000001111100011000111010110001110101110010101110
1011100001110011101001101001100001100110011000010010111000010010
1101111101001111000111110110110010111010111011001001001010111111
0100000010110111011011101001111000111100100001101101011101001110
0111001011010101100110011011100110011010000011101111010111010000
1001111111100000011001000001000001011011001001011110100000101000
1101100001011110011011101110100100111101000110001000111110100111
0000011101001001110110100010000000011001011110101111101000101111
0001010101110111000101100011111010101000110011111110001010100001
1101100111001100001100111010011010111110100001100000101000101100
0001001001010001000001010110100000111001010000111001101101111001
0101001010101001001101110100111111110001110010011101110010000000
0010011111101111100110001100010101100010010111100100001100111010
0111100101101011101001101001001011010011000010011101011011100111
0111101100000110011101011011011000000101101110111011111100010100
0110011111110100000101101110101000100100111010100010010111100110
0010110100001101010000101001111110111110100000011001110010111001
1010100110011101001100001100110000011111111110011010101100001101
1010010110001111110110011110011101000001110000000100011110001111
0101111110110110011011110000001010001111110011110100000101010010
1001100000000101001010010010001100101001100011000110110110100001
1010110011011110010010011001100011000100111111011000111100001101
1110000001010010010000010100111111011001111000101101000001110011
1000100101111111111100000011111100011101011100100101111011001000
0110011001000110101011111111001101110011011001001100011011101000
0001111001101110111011111100000111000101001111011010101010101101
0011010001010011110010101110100111010011110111001100111101111100
0010001010101011111010001010100000100110011111110000011011100110
0110011110101101011000100111100000001101011100100010000110101100
0100111000100001010100100100001001111011010011010111001110111110
0101101110001100001110000111010011011101001010111011001111000011
1111111100101000011111100011101111101010111110000001000001100010
0010110100000011101111000000011111011110001101001110010101001010
1001001011100111111001100000101111101000111000111110100010011101
0000010001100011101110000010100101100100011000010000000000001011
0101000111101110010111101100001100110001000101111111001110010010
0010010100110000111000010010001000111011001110111110011100011101
1011101011101010110001010111001001000010111000000100110011000101
1100010110000011001110101100001010111000010100110101001101011011
0110010111011010000011001010111100101110111110100100001000011011
1010100001100100110001011011001110100010111110111011010001101000
1110000011011000001000101111111100001001111010110001111001010100
0001011011110001000110001110111011000000000100001010111011010101
1001000011101001010101011011110111101111010101111100010101100111
0011001111100000111011110010111101110110100110101100100111101001
1010110110010001110011000011011111100011011010000101100110100011
1000100010000000011010010001000010101001101011000011000000100110
0101011101011111100001101000100011000010111011111101111111001110
0100101100010101110100010001101000100010000011011000101110000110
1001111110000100101010000011000100101001010111111100100110101110
0001001000011101101011010011000011101000010001001001001110100000
0011101110101100001100110001011110001010100000011010111000001011
1011111100110111001011111000111011110110101100001000010011010000
1010010111000111111101110011011001001010011010000010100001000011
1100110100010010110111101111000010011110010101110101011110110111
1000011101100110111011000010100111110001010011010001110000110110
0000011001010110001100101010100110011011000110001110011111101001
1001101110010010000111100101011001010001011110100001011101111100
1100010110010001110010011001000010100000111001001011001101011001
1110010001000100011000000010101101100001101010000111001101010011
1111101110101011110011010101000111011001100101110010010000011101
1110010100011011110101000111000110111100000110111110100111010001
1010001111111000001010101101000001111000001010100111011100001011
1011011001000110011001011000001010110111011011000100001010100001
1010101001110101110011110100100101011111100100111111110111100111
0111111000010101110111011000100111110011101100110001000011101111
1000000101010000101001001100000010101101010110110101111001010101
1010000101110101101010110011000010001001111011110110101110100010
0011101110100110010100110001011001100001001110001010110111000100
1110100110101011001101010000001101001010100110010100110000110100
0100010100000010110010100100010010001010010000111010010101000010
1000001000100111101001111101001000111011001110101001000010110101
0000110010010101011001000010110110110100011111001001101100000101
0100010101101110111011110110111100010010001000111010111111011110
0111110110111111010100101100111001000100000100010010111100110010
0111010110100110000011001011011000000101110101001101110101100110
0110101110010010110001001001111010010011001010110101101001010100
0000101110101010000100001101000000100110101101001010111101001001
1001100000011011001100100001100001111101111110101011110011100111
0110101101000010010001100001010101000111111100000110010110101111
1101001111111110011010110000010110010001011111111110101011100000
0001101101011000000110111101110010110011110110101001111111101100
1010000110001000110010010011011010010110010100010011011001110000
1001001111001100010001101110000011101101111001010101110000011110
1000111101111110011001001110101001110011101001110001010011000100
1010010110101010001110000011011010111011101100011000110000111100
0000100001110111101111001000110101001100011000100011011111000001
1101100111111100001110101011001001101011000101100111001101000011
1100110001001001100000000000100000010000001100111100001100000000
1100011010110100010111001110111101101011110000000010101000001111
0011101001011100001000111000111110001011111011001111100100111010
1111111111000000101010100100100010011010111001000010010100001110
1111011111110100110111111110101100001110111110101001111011011001
0101111110111010000111001000100000000010010010001101011010101010
0111011000000011100001110110001000100001110000110011000111111101
1010011110010001101001100110011001110010100111100100111100110001
1101101000010010011011111101000100111011110100011010110000111110
0111100001100101101000010111011011100100001101110111000111001000
1001110010111110101011011111111110000001101111011001100010001011
1100101100101010111001110011000000010000101101100011000011101110
0101001110111011011111011011000101010110100101011101001011001000
1100110110110000101011010001100011110011011001010010101001100001
1011110010010111001001100011001111111010010100001111100011000011
0100111010010110111111111010000011101111001000001001100110000101
0011111111111000011001011111010001000001001000000101010010000010
1011111011001011110011010101000001010000110101110101100010111111
0011011011100001011101101010010010110011000100110001010011110010
0011100100011001101110100110010110000001100100001100111110111100
1111010110111101010101010101011110111000101111110001100001101110
1010000111001011010110011101101101110100011111000101111000000101
1101111110101000100100001001000101101000100101001110000100010111
1011010000111100111101000010010100000000100111110100110101111000
0110001111100011100111000011000110001011000000101111110101100001
1001001001110101101100111001111001011010001110111011001110100010
0011010000110111101000101011000001010110001100011101011110110001
0111010000110010000010000010000110010010011010110101110100001000
1101010110000110011110101110000111110010001111100110101100001010
0110010000000010000100000100100010110101001111010111010101010100
0100100100110010110100001010001100111001010111010001010110111011
0011100110110011000010111110100010000000101111010000010011110111
0111111101111010100110101111010101001001101100101111111111010001
0001000100011011110100000100000000100100111101111101011111010111
0101011001100100110110101111101000010001011010011000101010001100
1011100111111000001001010100111011101101000010001111111110001001
1000111101011110111001010001100010001100101101101101111101010000
0000010010101000000101011100000110001111010101100100000011100110
0111110011000100001100100110010111010010010110101101010111100101
0001100100100011101100100001001011001000011011100000001010010111
1010111100011110010101000100100001101010110001001111110010000011
1001111001010000010110000000110110101100000110001110000010111001
0011010001001000100010000011010111111000110000111000100111110100
1001000011011001111011001001001101010101110100100010100001000000
0010100000100000010011100101001110100000011101100010101110100010
0100001100011101000010100101001101010010100001111010101111010101
0001100000100100100010011111110000101110000001011011100101000011
0110101011111110011000110000000111110000100000001000000010110010
0011001000001011011010010010100001110000111011110111011111100001
0111010110100100000111110111101000101111100000111100100010100110
0100000110101001110010010010110101011100000001001010101010001001
0000000011000110100101011111101101100011100111010011110110011101
0011111000110001101110011001101000101011001100110110001110010110
1000111100101010101111010000001111110010001101100100011101001111
0100000110110101101001111000001111001100011111111000000100001111
1010100110010010000010011100001010000001001000010110101011011000
1011010010110111100000110111000101100101000011101110000111111100
1110110100101000000010010011110101000111000010111000011011011110
0101001100111100100101000001101010110000000111010100111011100110
0010010001001010111011101110001011110111001110010011100101011111
1101001001110101100110001000101001000011001111100010001100100011
0011010011100111111001111000100111101111111100011001100010011011
0100001111000110001111111010010001101001000010100100000101010101
1110000100010000011101110001111001110100100101010001100110110111
1100010111000010010010100010101100111110110001111111000110110110
1100110010000111000000101011111000111011100001111100111010001110
1000011000110011100101010111011001100111111100101110001011101100
1101000011000110000000100010011101100110110001010101110001000110
1001000000010010100000101001001010101011000100001101101000010111
0000100110001011001111010101011100001000110110110111010010011011
0101110000011110111101101010011010000101010110000001010101011011
1001000001000010000001101010011100000000101000000010001000111101
1100011110101010101100100100001111101111010000111000110011100000
1101101010111001001011010110100011100100111101110101011111000010
0111110110011111100111001110011100010001111010100000001111011110
0011110011000000101111010111101011110110100010100001111100100100
1111001011000001000000011011000000010011001110011100101001111010
0100110110110111010110100011010011001101001011111100001101011000
1001000110001100000110011010110011011100111110110010100010100100
0011100111001011101101101001100001001111000011011011000111100100
1100111101100010100000100001000101110011001000000011111011100110
0111101001010111010001110000001101110001110110110011011010101101
1110100011100101101111001011011100000101110001000100011011110001
0011110100111000010000100010011001110000100100111011100100110111
1011001111001100110011010111110001100111111010111101010101100001
1100011011000010111000011000010100100101010001011001011110100111
1000101101000001000010110101101011011101001100110011111000001001
0111001010101101111010100100000001001001110110011111100010011011
0011110000000011000110111010100111010101111110101000100010011001
0001011000101101110100001110011011000111101010110111010001111110
0010001101000100110000101011111011110001000111110011100010110000
1111010101001111111011010111110000101100111001110111100011000001
0101111010001100000111101011001101111001000110011100100111010000
0100101101001110101000000110011010000111001010100111001000011000
0111000110100101101101100011010110010010011010110000011010011010
0000011011100011010111110010001010110110000011011110011001010011
1000101010110101101010011011001100111011101010001111110000010100
0001000111001110011100001111011110000110011010101001000111011100
1110011100000010110001010000001000011001000110000111110100010001
1000000101100000100010101010111110001111001101010001110001000101
0110111110000010010100111111001000101101001111101010000011100100
0111000111011101010000000100001000110111101110101001111101100010
0000010110100101010111111110011011000011000110100110010010111101
1110001010101101001011001110000010110110111100100100111011101010
1110111011101001001111101101111110100100000011100010111111011100
0110001011000111010100001011100110000111110000111000010100001001
0111010011011000111001011010100000011001111010111001010011011010
1101011100101010010001111001011101011110000001011010110110010001
0100100111101010001110010110100000101110001110111000110110011100
0000111111010010000101100101110110110010100001110001110010010111
1010010011000100110011101101000001111101100101110111000000101101
0001001100000011010001101100111010011011110001000000011000010100
0101110111100000111010100110010101110011111010100011100010110100
1000101011000011001110111111000011000001100110100001111010001101
1001011111010101111010011010010110101011011110010111000011100110
1000101101100101010101000110001010000100001111010101001101011100
0000010111100010001000100110100011110101111100000010001111110010
0101011111110110100101001000010111100100010010111010001101001100
1010000111011101011101000111101111011001110110101000001100111111
1101001111001010110010000011010011111010011010111110000101000101
1010101000100100101110110000000001001011001110111000101011111110
0111100101011011100101000100010110010111100110010110110101100001
0110011000100101000101001011111111110101100000110110000001010100
1110010011101100001010111000100110111101001101010011010011101001
1011001011011100111000000011101100100110000001111101111010000111
1011000101110001110001110001101000111011010000000110111010111010
1111101100100111000001111101111101110010011000110110111000101000
1001111101100101000010101011100111110110000110101100000000111111
1110101001110000110110000011111010010100100110110101011110001100
1001100101101000111010000110100010101011011101001000111100011111
1001001101101100011010001100010011000001011000101000010011011111
1101000111100001000111111011111101011111011000100010100101110101
0011111101001101011010001010111101111000100001010001000011001110
0100001001111010100101000100011110111000110111001110011100111000
0010100110111100010110101101111111011011011011110101110111111000
1011011000010111000011001110000110110110100010001010011010101011
1111010101111110101000100101011001110011110001110111010010000001
0100110001010000111101001101001111100010111000111111101100011010
1111100000111111001001111110000010100111001100000110100100111000
1110110010110000010011110101001000001111010000100011100000111111
1010110001111001010100010110111001100100110101101001100010000111
1100001110010011100111101110000011011000111111111101100001001110
0101000101111101010011100100010100000111000111111011010100100110
0011101010101010001111010010111111001001011011000000100011101100
1001011111110000011100010100110001100111111010001011000100001101
0110000001101001110000111111011011001110110001011100111101000001
0000101010101110000010111101111010111100010110001010001001000111
0000110010110000001011100001101001000000111100011100101011110000
1100100100100110010101100010000110011101001111011000110011100110
1000101100010010010010010010000110011110110110100010100001011001
0000010001000000100011111100001000010100001000111000001001000110
0101010100001000001001001100101100011010110100000011001010001010
1010110000100111000111100111001000011110011000100101001011101000
0001001010001000111100111000000000111011101011001010010001001111
0111011010010111110010111000111101101100001110000010010110011010
1001011100011101010010001010100001101000011101100110001100010010
1000001111000111100001011101001110010001111001101000110011000101
0010010111100100111000010111001110011011001001101100000111000101
1011011100101100001000000001101011100001001100100111111011001001
0101101101011110100100110110000010001010000100110010000011000111
0001110100110101111010001000111010001110011001010111100000011011
0101111010111011110011101110110111101100101000000110000000110111
1101100111010101110011101010000001101100010101010101110101100100
0011001001100101110100001001010001100111000111111100010010010100
0001000001110110101001011001000001110000011001111100001110011101
0000010011010011000000000011010001001111011001011010010111100000
0010110001100100011010011011001001101100101000111100111101110011
0100010000101100001100001110110101000011101000001011010011100011
1101111001001010101101010111111000000100010100111111110101010000
1010101000010100111010011010001001111110011011011010010001001111
0000010110001010100110001010011000010000010001110011100110100101
1101110110100011110001000001101100110110000010010111000101100000
0111110000100001000100011001111001101001111111011010100110101011
1101101110010100011111011010000000011001100001011010110100111000
0000111111000000101010011111110100000111100100011011111110100110
0101010101011101101000000111010011111111001011100000111001010000
0000000010110011111101101010001000010000010110111111101011011010
0111001110101100110011101110001011001110001100010100001010011011
1110000111101011100100001011100010111011011100001001001101101101
1101110101000110100100101011101011111010110010010111100100001100
0101110000111010010000111100011100111010000110110111010101111010
1110110010101010110101101100101000010011010011010010110101110100
0100110011010111001010110000010011010100100111011110000100011000
0011001001100100011111111110000100000111010011101110010110001111
1000001100101100000011000010010101000100100101001001110101100101
0001101101100101010100001111000111101001100101111101001010101000
1000010000100001101110000001010000111011100111000011100000001101
1000011100111001011010011100101001110000110010010000100100011001
0011100011000000001100111010011011011100000111100011001110100000
1001111101000010010010010101111000100011100011111001010000110010
0101110111111000101110100011011111110101101000111101101101111111
0111111011101110010110000011001011110011010110010110000010100010
1101111100010010111101000000111001000000000100110011000101101010
0100100001110000000101100110101111001100110000000000000100101001
1101000001100010110101101111110110110011111010011010101011110001
1000100101100000110010101110001011001110010111101100011001111010
1011000000011111011100000000000001001011001001011010101000010110
1001010010001100011001010110000111000111110110010001111101001001
1111101100000011101001011001011010100110111101101101101011000000
1100100000110000001011000100000110001000000011111001100101100010
1111001101001101001001001111001111111111011111000110011111110111
0101001110110110001111010010001010011111001111111111110000000010
0000011011100000100111001011110101001011010110001111110110110111
1000011010000001100101001111101101001011110101001101110110100110
0111101001001110011100000010011101001000100010010010011111011011
0011000100101010010110110010001101111001011001000010101001000010
1010100100010111011011110010011111010011111010010110010100110110
1010011001110100010001011001001101101011101101100011010010010000
1011001110111011010110001111000100000111011111001011001111100011
1110000101111011110110000011011001011000101011110000100110001111
1011101110110010011010100101010000111111010000110000111000010000
0111111000101011110010110111111110011111000100100011111101101010
1100011000010001011100100001010000001111010000000110110111000010
1000010100010101111010111001101110011100100000011011011011110100
0011010001011010000100111011010110100011001110100010000110000001
0010110100000010001101110110110001000010101101001110101001111011
1110100011001100100011010010001000101101010111111000011110110111
1110110001011111000001110010110111000000010010001000000001100001
0000010101110010101110011000110101000011010110010000010011100011
0010110110001011011101100010000100101000110010010100110001101110
0000100111001001111101110010111101110101010101000001110010111101
1010101101001010011000010010110100110011011111010110010100100100
1001110000000110000100011011010010101000001001101101101100110011
1101111101110111101010010100101011111000000010011110111111111101
0111111111100101001000000011010101000110110011001000110111000110
1111111000011110000110011111111110100111000011101011010001100011
1100011111001001110111001010010101101000101101000011001010010110
1001000111110101100111100110101001101101101000100000110100101010
0111100100100101000111011101000101101101111101001111010110000111
1011001100100011111011110000011011001000001000110110101011100111
1101110001000010000101101100100011101101010101100000011111100100
0010101010011001011010101001000101100101111110001000000010011100
0111000000010010111010001101100110100001111001001110100010010010
1110111110111001101000100001110000000000100101000111101110101101
0000101111010111101110111011101101001010000001111011011111111101
1001010000001110001011111110010110101000001111100100010110100010
1110110100001001011010101010111111101100110111111010101111110101
1011100111001001110111011011111011111010001010100011010101110111
0110011100110111001110100100000111001101101011000110011100110001
0001111111101001001001100010111111111000011000101001010010101101
0111111011101101000011010011100001000001111011001101110010010001
1011011000110100101011100010010000011100100101100110011111011000
0001101011011011011111000110111101101101000101010001011001010101
0011010101100010001000110000101010100000100011110011111111100100
1100011010110111111000001110111111100101111101111000100011110100
1101100101100100110110101111011010011000111100001101000011000110
0100100111101100101011101100110101011110011001010010000100100100
0011110110001001100111111000111000010010111110101011000100110000
1110010110011000110110101110100100100010001111100001001111000100
0000011110101100111100100110110100111011011011000000011110011111
0000110001111000010111101101111111000111100010111110011000101010
1000000000111000100000001100001110111110101001010110011100010000
1001000111110111110010001100001010111101001010011100000010011100
0110011100011110100000111000010010111001011110100000000001001101
1001100110010010101100010110101001001100111010011110010100100011
0001011111000000100000110000111011010001110101111001110001110111
1010110010011010010100101100001100100011110111000011001011111001
0011110000101000001100101101010011110111100001010010001110000101
1100001100011111010000100110010101011001101100101101101000000011
1010110110101101110111011110011110010011111100100111001011101001
0101101001000011101101111000010110101110101100011010000011011000
1101000110110010001001101111001110111010101100101011101011111111
0111100110100001011111101011111111110000010100001101110111001100
0100011110110110011101000011000101100000010010100000110001110110
1001010010101000001110010011011000001001111001100110100110110010
1000010101101010111001010110101011011011101011001111001000101101
0110111110101111110101110111111011101100110001111101101101011110
1100100110000010001111000111010001011010110100101010011000010010
1011011001001100110010000011000100011110100010110001100101110111
1110111111111001110010001011111010101101011111011010000001011110
1111100111000011011101011000010101000010100000110000011100101110
0101101110000101011011000110111110011111000100001010011001001010
0110001010010100010101101110100000001101101101001010001100101100
0101100101001011010010001001110111010001001100101001100010010011
0010000011011010101010111000011010001101101110111101001000000000
1011010011000010101010111010011111011110111111000111010111101010
1010000111011010110011110000101010010111011010101100010010000100
1011010001010011110010110100110001100011010001000010000000010010
1010011100010100110000000001101000110010001100100100001110001100
1010000101001000101100000101100001110010010001010000011101100011
1110001001010100100111010001110001111100100110001111111110000110
1101100010111110011001110101100011001010111111001100010000101011
0011000001110001111110000110001110001001001100010001001100110101
0111001011101010001001100010101001100111110001111000100101001100
1011111001101111110110100010000001010101001001000010010110110010
0110011011011100111101010100010010000110101100101010110001000000
1100100001110110101111000001001010011111100001101000000101100010
1101101100111111100010111011111011100010110011011111001011000111
1111011000000101000010110111001110001111111000000100100010011100
0001101010101000100011011110001111010001001000001111101001011001
1111101110100001000101111110100000100000011001001110100111101110
1100001000001111000111110101101001101100000001000010111111000101
0111011001001010011110111101000100000111000100001010111111100010
1100101100001011010001110010100011100001011100101101011010000111
1100100100011101110101101010011101101100011001000100100011101100
0111110111001000100001100001101100001011101010010010011010110111
1110111000011100100000010110001101111111010110111010100011101100
0101000011110111111101010100101111110011101100100111110001011010
0000100011100111000001110101100101001111001001100100111001110101
0101101100010100111100011110100110100111100010100011111110100110
0000001011100001001100011100111011110100000110001011101010111101
0000011001001001110101111111001110111100010001111011100101011001
0000100100101101000000011100001001101100000001111100011111000111
0011110111001101010011110111100000100101010111010101001110001001
0100011110100111010001000100111010000011101001010010010110111111
1100001110010010011011001011111011000000010110011111000011010001
0010111000100111000100101101010111110000011101010011001011001001
0011011100100111100100001000111111110100111111110000011101100110
0011101100010011100100100101111000001100111000010111010101010101
1011010011010111111110111101000110111011010111101001100100011010
0101000101110111100001110101001100010110000011000110011111100110
0101111011001111101001110001101100101011100100111111101100011111
0101111110111100010001101011010101011101000011110100001111110111
1110101001100001101011111100100110100000001000001110010011011011
0111001101000010000100000111000001101111001010011101000010111101
1001101100111110101100001111110001100011010111011001100110111010
0010011110101101001101110110010100010001011111001101100011111010
1010010101101111011001010100101010100000010111101111110111000110
1001111011010001010100101010000000110000110000000010100111001001
0101011000011111011000011111110111001110111101001010000001110100
0110101011100111001110010001000100110000001110011011010111100001
1011011111111001010010101110111100011100100001011100100110111100
1010001011010100011110100101001110110010011111110100010111000110
0111010001010110110000001111011001010101000111100110100100111010
1011011100011100101110100011011111101011011000010011010010101111
1011001010100000001000100000011110110011010111000111010011000111
0001000011110100001001110110101101011111000100000000111010010010
1110010011100101111000000101010001110110101010010100111011100000
1001100111111011011110011110000100011010011101111110001100110010
1011000000110011110011000110101100111010110001011100110101001101
1010011110101101110010100011010110101110001001110000101001101100
1001101101101011010000001101110110110010110011110010000001011000
1110011110010000101100110011101011110010101000011011100100000111
0100011100101000000111011111011100001101101100100110101110111011
0001100000001110110001000101100001011100011111111111011111000000
0010001000111110110001101110110110011111110101000110110011101010
1101110101010001111111100100010110000101000001001010100100111011
0101001100000001110111001110111111011010110111001011011100000010
1100010100101111100101011111101101011000010110001111110111110110
1110111110010000000100000101100000100010011001011101110101001001
0110001110001011001011001100100010010101111011111111010110110001
1011011110100101000101101001000010111000011110110010110000101001
0011100010001000000100011011110101101101010001000100101010000101
0011110110011110100011111111010011111011001111001001000111111100
1101111100011100000010011011001110110011011101101000010100011111
0010010001000111111000100000100010010111100101001001000111010111
0010110000101101100110000010001101100101000111001111111010011001
0010011011001001111010001100111010011011111011000110001000010110
0010101101001110100111010011101010111000011011000101011101100010
1111101000000100110111011011011111100101100011111101000000100110
0000101001110011001111010000101110011010011000101000001111011101
1111100101100110100101111001111011110110001011101011011001000011
1111110000000100011110010110110011000011010111011000010001001111
1111001110000010001010110011001111110001100001011110101001001111
0001101000001101011001001000111011001000100111001000011010000000
1110101111001100101011100001011001010001001000111110111001011011
0011000001001011000110101100011101111110100011001100001101011110
1111010100001010111110101101111110110010100001001010101110001111
0011100010101011001000001111001010111100000001110111100000101001
0001000001110000001101011100000010110010100001001111101001110011
0101010110100000111000011100101010100001010110000110101111010110
1111101110010100100001111101010010011001101111010100011111011100
0001001011100100100011101001001100101110000010000010101001011100
1101001110000111110011111000010000001000011100100011100111111011
1011110100001110111101101001010000101001101100010000111001001101
0100000110011100000110011011101101100001101110011010101010011100
0100110110001100101101000111101100111101010111110000010110110001
1010000110000101111111110101001010000101110000100100100000101000
1010011010100101011101111100010101010101111111111111101101011010
1100001001110100101110101001011010111100010111011011110000001111
1001000010100001110001110011110010110010101101011110000001001001
1000101110010011001100100010101101001001011000011001011110110100
1010110110111011110100101100000010000000101110110100100111001101
0111110111010011010101100010111000010001001110010010011100110100
0101000011010010011100010001011101101010000101010100101000000111
1010000000101011001010011000110111010000110011000100001111000001
1000010010011000101011111010101101101110011111101100110111111011
1010001000101010000111111100010001001110010001110111101000001101
1111100110100100101111001011111101100000101000101100001011000010
0010011001110101011101100110011001001100001100111100111101001001
1110010000000100011000011010100011011110000010010000010100000000
1001001010000111010101100110000000101100101101100100011011100000
0000101100110110010001011001011100010101011100011010011110111000
1110000010110100100101010001000000111100000000101110101101011101
1111101001000000101101011000111001010111010001000110101011011000
0100111111110011101000010101000010011110110110111011100001101110
1101100100011001111101001101011100011110110100000100100110110000
0100110001100001111011110011110101101110001011101001011001111101
0101011001011001010100101010010111101101000100100101111010011110
0111001000001110111111111000001011101110011001110001101111001111
0001111011000011000110011110000110000000011001011110100000001110
1100010000110101010101001111011100111011100110111000100111000010
0010011101001000000010111011101000011001111110000010100110100000
0001101100001101000011111110011011100001001011101100000001001000
1000000110101101001100000110111000111101010000001110010011101110
1011011000111100100001111110001001111111001011000111101110011001
0000011100010100100101101010010100011110110110011010101100001010
0011110011000010101100000011100001101000110011100101110001110100
0000101101000100000100011101101100111110001000011100101011101101
1111111100110000001110111011001100011001010001101000101000101100
1011001100010100000101001001010100001010001000100001100110101010
0101000100001001010011110011110011000001001110110110110011110010
1110111010100011100110000010010001011101011011000011100110011110
1101010010110101100110111001000110100000000101010010111101101011
0001101001100010001000110110111110101111000000000010010101110000
0011100101000110011011101010000000101110010100111100100000010011
1110111101110010011101000000100111000001110011111111101111000001
0011111100101010010110011100000110011010101100110111111010111001
1001000001010101110000001111100100000101011000100101010101010011
1010100101000010111001010111001010010010011000111100111000111011
0000010010100110001110100000011100011110011010100010000011111011
0010111010111011111001001001001011101001100000010000010011110100
0101101110011000101101001000010101010011000111001111101011100101
1011110010111011000000001100101110111110101111000001111001100001
1100100101000101000001001010010111001110001111010011111001001010
1000101001011000010010110101001000011100001100000011011100111000
1001000101001011100100000110111001110111011001011100110011001101
1111111110001111010010100100100111111111101110111000101010100000
1110000000001110000000101011110011000000001110000101111010111000
1111110110101100001011110000100000010000010000111101001111111010
1001100100001111111010101110101110010100100100001000011010111111
1100001110101000100100100011100010111010101001011111001101000100
1111101110101111110110101000100000011101001110101011011101110100
0000111100000101110111000101111011001011011101110000111000100011
1000001111100000001000110110000000010111001111101101011001101101
1011111100000100110001100010010100010000110110110010001101111001
1111111011010011010111111101111001001100111010001011110110001111
0011010001001111001111110111100101100100000111111010001011000001
1110000010100110010100111010000100010010100110100011000100100101
0111101111100100011000010111001000001011110000011011001100000111
0011101111100010100011110101011111100111110010001111000001100010
1010110011100100100110110011011101100100111011001001111101011011
1110011100000101111011010101010101001111110011110111101000000101
1011011001000101001100001010111110001011010111010011001010000000
1001110101110110110101100000110111011110101111001011000110110111
1110100110110010111000000100100100110001101001011111010111011100
0111010011010000111101010001001111011110001100010011010101000111
1100110010010110010011100110000011100111010010011011011100101000
1100011011110110010111010100111000010011110110101110011010000100
1111000111000111011100000001001000111110010100000001010111101101
1111110000010000010110110100001111011100110011000011110000001010
0101111011010110111110110010100000110010110110001110101000101011
1110011101001111011001000110101101011100011000010101011001011011
1011000011011110010000101101000011000101110000010100111011011010
0001101000101110000010011111010111101101110111010001111101100101
1000001010100010111101100001011100000110101000111000101000001110
0100011000100101001010101011000011000110100110101010110101111100
0111100100101011111111010101111110100101100101001110100010001100
1111101101010101100110001010100100111101101101100001100011000110
0000100111110010111010101000111010010101101110101010011010001101
1100101111011001010100010111000010010011100011011111110001110011
0111000101100001000001011101111001101011010110000000001111110001
0110011110111011010101001110101001111010101110000111110011010010
0001110101100000100100111001010110000010100100010010101101100001
0111010001011010110010000000101001001111101111001001011110010111
1101001001111010000011000000001100000011011010101000001101110101
1001101110110000011000111111000100111010000011100000100000011001
0010101110111011010010010111000011001100010110101011010101110010
1001111010010100001011001100011001111000100011111101001111101100
0111001001111011100110001111011000110010011010000010000100000100
0000000100000101010000001001110111100100011110011011100111010101
1000101000011001100101000101001010100010000001111101110100101001
0101100111111110100010000110010000111111110111010100001111111001
1110100100000111100100011110011100101010000111111001000100111010
0010111111010110110010111011111101010111001000111000001111111111
1010111011001111000000010100001001100010010111101000111100110100
0011001011111001010101001011101001111011101111111111000000000110
0010101101001001100111101001011111001011100011100001100101100110
0010101110010011010001001011010011010100000000011011101000001111
1011010111000100111010001010000110011000111000010001110011010011
0110101001001001011110110011101010110000001000100010000010010000
0100010111110100110011110111001111111010101000001101010010110000
0011010000101011100101100011010101101101011101110111101110010010
1111101101001010100010001011011100110100111000000010100010110100
0010001001010000111010011100100100011011001010110010000100010001
1010010001011001011010101001011001111101000011110100100001100010
1111100001000011100011010100000101011111110010110001010001101100
1111011100101001000110000010100111010111111111000011110001111110
0010111100001010010111001010110001111000101011101010000000100011
1011001110100000010100101101001101111111111101000011100000010110
1111101111000111110001111111100001011101111010000010001001000111
0111011110101010100111100101001110110110111011110010011011100000
0000010111110100011111100100110100110111011101011001101111111100
0111110100011111101000001100001101010101000011001001100011100111
0111011111100000101100001110101001100100010011011010101010011100
1111110000111010001100100010010010101001011101000001110000111100
0100101110001110100111000111111110001010001101000010101000111110
0010000100100101011001000001010011001011010010111000001110111001
0011001000010010101000001101101001111011001100010100110110111010
0011111101011000011100111111100010111110100100111011011111000000
1110010011000100001111001010001000001111011000101011001010101110
1000010011000000100110011010111010111110000011101111110001010101
0011110101101000001001000000111001101101010111010100001011101101
0011011101110000101100100100011001011100000011010100010000110100
0110100111110010111111010111101011001010001110111011111110101000
0100110100001011111110101100000110110110001110011000111001010010
0011101101000111000100010000000000101000110010110110101100010100
0001001001111110000100101110001111011001001101100100100101001011
1010100100000101110001101111010101100101011111001101100110110100
0111001111100110011000011111010000010101111111001010110101000101
1001111011100010000101000101001110010000111100001010100001011010
1011011100110110001101100100101100101001011001001001111111101010
1110011111100111001100000101111001000000110110111011001001110010
0110111010101000010101110110101101010001100001010001010011110101
0010110000101011000100110011101001001100001111000011001101100000
1110111001111100000111100111000101110111011101000110001010010101
1100011101110111101111001100001000010010111100100011000011000110
0011110010011001110011111000011111110011101001001010001100101000
1011101010111000000011100001001010001110011110001100001000110111
1100011010011111011000010101110101110100100001111111001001110001
1110111011010001100101101000010110111000111000010111000111101110
1101001001111101110111001000100001101001011111001110100011110111
0100101011100001000110111110110001111111111000111011001111010001
1111111000101110110111010011100011011100101100110100011000110001
0101110011101111011101101000100101010010011011010101100011110001
1001000000000111100010101111001101000010010011001100000001001111
1010110000000101010111011000110111100001001100110001010111000111
0100011001010001011001100000111101111110011000111000110000010000
0110101100010110100010100000011001110000111011011110110001111010
0000111111001100000110111010110111011101100000011111100011000011
1110100111000000111101010100010101011101111001011000000001001000
1001000101110100110110000100110001101010100010111100101011011010
0011110110110010100000000000001100010100011100011010101111111011
1001011100100101011101001000110001100010001110100111101101011010
1000011000001001010100001100010110010011100111000000110000101110
1111100101000000011100000111110011011001110001101101111101000111
0100111101000100011101101110001000000100100110110010001111100011
0100001101111101100101001111100011011010101010001101010001111110
0101101111101100000000101001001101101010011010100101101110011010
0111010101000010101111001001010100010101110001010110000110101110
1011101000001011101011101111100111011000111101001000101111100100
0011011010011111011011000101010010100101011010111000101111010101
0111001001010111011000101110000001010111010011101010110111101110
1011001111001011100101000000011001010011110001010010001101100000
0010101100011100100000111101100010110010000000011001101001101111
1001011111101000100110000001011011111010001010100011111101101100
0111111010000010010011110101100110100010111011101001010111110111
1111101100101010111110111011111110101111100100111111000100011001
0000111101110110100010001001111001101100111010110010101100010111
0100011111111001011100100001101110001101111000101100100001101000
0111001110101010100100100101100101100101011100000001101111100010
0100100110101111110000110110001110000100101101111101000100011101
1100001111100010010100010011010111101001011011101010110101111010
0100100100001000010111100111000111100010111110101101111101000011
1011110101100110011111001010000100111100010111110110100110100011
1111111011010100010010000110000100000110000111000011001001111111
1001001000101011011000100001111011101101100001001100101000100000
1100000111110101101111110000000001001001001101110000010111111011
0011001100011010000100010000100111101000100011010010100010110111
1110100101101010000101000001010101001110100010010101101000101001
1011000001000011010100011101011010001001001010110010001001100100
0001001011001011011011010110000001001110101101000110011000111111
0111111010011001001110000100110100000000110000100011110110111001
1010101100010001001111100100100011001000100001010110110000011010
0111110011110010110111001111101011110010010010101001101100101010
1010111100001000010111001011111011110001010100010101110010110010
0111011011110000001111000011111010000000000111001000000100111100
0110010001110110010110111001010111000001010001110001010100010110
1100011101011110010011110001011110110000111010110111101100110011
1111111101110011111111000000110001101000100000101101111101001110
0000100000100010000111100011001011110110011001111011011110100000
0100101010011001101010100010011101011100010110100010010001011000
0011101111100111001010000001001111111100010000110001101000010110
1011111001001101111110001010101101010000011010011111110011001101
1101110001100101110110010000001001001101000001011101000100110011
0100001011010101101100110111010100010111101001111000011101010100
1010101001011001110001100111111111101101011000110011001001010100
1111111100010010011011011011110000000101111100001010111010100001
1010000010011010001000001010101001100011100100011101001011001011
0010111100000010111100111010110100000001100000100100000011101000
1010111100111111110111100011110000100110101011111101000001100101
1110110011100001111011010110010101111100011011011100001000111110
1011110000011000011001111110000001011110101011010101110101011011
0110011000011000110010101001100100000101011000110011110101101000
1110010100011100000100101101111111001110001111000000011100110101
0000001010010101110100011100000001100010100000001111011001011110
1101101101001010110110000100110010000101100001100111001111100110
1010000000011000101001110010010001111100011000011010110000010011
0101111010010011000110100011000001110011001000001101100111100011
1111011111011001101101110100110000110010111101001010111111010110
1100111110010110110101001001010111111011010011100001101011000111
0000010100001111001000110110100011101110100111111101011000100111
0000101101111011001010000000000001101111100100000001101101010110
1001011010001101110000010101100001011100110001101101100001010100
0010011000011011111011001000001110010011001100111011111011110001
1011110011000100011110100010011010010000001001000001010011111100
1010110000110101001001010010000001001011110000011001001010111000
0101010101110101000010001110011010101100001001000101101011010011